	MST107_MiFiU_tag45	MST107_MiFiU_tag46	MST109_MiFiU_tag47	MST109_MiFiU_tag48	MST110_MiFiU_tag49	MST110_MiFiU_tag50	MST221_MiFiU_tag51	MST221_MiFiU_tag52	MST235_MiFiU_tag53	MST235_MiFiU_tag54	NC_MiFiU_tag55	PCMock_MiFiU_tag56
seq1	0	0	0	0	0	0	0	0	0	0	0	134727
seq2	0	0	0	0	0	0	0	0	0	0	0	119834
seq3	0	0	0	0	0	0	0	0	0	0	0	111562
seq4	0	0	0	0	0	0	0	0	0	0	0	85160
seq5	0	294	33775	3112	2154	0	4718	739	0	2	0	0
seq6	0	0	0	0	0	0	0	0	0	0	0	40917
seq7	0	0	0	0	0	0	0	0	0	0	0	39496
seq8	0	0	27486	1335	5134	48	0	0	0	0	0	0
seq9	235	1908	265	495	67	0	314	276	9713	5487	0	0
seq10	355	480	377	525	2034	0	2098	249	4820	3902	0	0
seq11	0	0	0	0	0	0	0	0	0	0	0	12120
seq12	8185	2460	0	0	0	0	0	0	0	0	0	0
seq13	1153	745	2637	2535	0	3284	0	0	0	0	0	0
seq14	0	0	781	2446	0	118	0	175	4263	2538	0	0
seq15	0	0	48	446	0	0	0	0	7511	1932	0	0
seq16	0	0	0	7690	0	2187	0	0	0	0	0	0
seq17	526	475	7273	343	676	0	359	24	0	0	0	0
seq18	0	0	0	0	0	0	82	4	1557	7409	0	0
seq19	0	0	447	423	6504	348	14	0	132	151	0	0
seq20	0	0	87	113	0	0	48	0	2750	4749	0	0
seq21	2128	981	3939	0	0	0	0	0	0	0	0	0
seq22	1573	1433	0	2334	0	0	1702	0	0	0	0	0
seq23	81	112	146	205	521	0	593	104	2750	2474	0	0
seq24	96	125	402	2541	248	101	138	47	2380	372	0	0
seq25	0	42	512	3388	1209	41	198	8	202	0	0	0
seq26	0	41	555	3884	662	67	86	0	125	17	0	0
seq27	686	1412	451	1015	57	0	874	371	298	96	0	0
seq28	0	1008	68	129	59	7	64	48	2158	1504	0	0
seq29	150	185	195	497	0	11	110	107	2154	1481	0	0
seq30	0	0	0	0	0	0	0	0	2369	2290	0	0
seq31	0	0	372	340	152	0	701	289	1470	1305	0	0
seq32	138	993	104	193	40	10	190	47	1910	959	0	0
seq33	0	0	7	0	0	0	0	0	2852	1692	0	0
seq34	0	18	61	92	0	0	0	62	2633	1513	0	0
seq35	0	109	135	86	91	0	191	19	2534	969	0	0
seq36	20	46	448	482	434	0	175	24	1888	526	0	0
seq37	0	0	3951	0	0	0	0	0	0	0	0	0
seq38	396	1125	94	89	71	0	16	10	553	1596	0	0
seq39	0	0	20	27	751	6	419	28	1036	1479	0	0
seq40	0	0	0	0	0	3633	0	0	0	0	0	0
seq41	14	0	3	0	0	0	247	33	1240	1997	0	0
seq42	86	184	0	908	1514	259	158	53	300	54	0	0
seq43	45	70	159	10	364	312	1125	11	667	623	0	0
seq44	0	457	0	0	2913	0	0	0	0	0	0	0
seq45	0	0	2399	105	834	0	0	0	0	0	0	0
seq46	0	0	0	0	0	0	139	0	3029	0	0	0
seq47	0	0	0	91	0	0	56	13	2366	631	0	0
seq48	0	0	49	111	125	0	416	266	1344	779	0	0
seq49	0	0	560	1391	253	214	297	356	0	0	0	0
seq50	0	0	659	2386	0	0	0	0	0	0	0	0
seq51	0	0	0	0	0	0	0	0	2988	0	0	0
seq52	228	2369	159	206	0	0	0	0	0	0	0	0
seq53	13	0	0	0	0	0	240	18	1430	1199	0	0
seq54	0	0	131	136	73	0	266	0	1578	615	0	0
seq55	0	0	0	132	69	12	148	82	1556	758	0	0
seq56	877	0	528	0	0	0	1153	0	0	0	0	0
seq57	215	157	282	705	330	31	106	21	349	142	0	0
seq58	103	0	336	0	1710	0	164	0	0	0	0	0
seq59	0	0	0	38	41	0	134	0	857	1122	0	0
seq60	0	0	0	0	193	0	70	0	814	1096	0	0
seq61	0	0	205	320	24	0	168	118	993	323	0	0
seq62	0	330	240	432	83	9	56	70	648	265	0	0
seq63	0	0	85	493	117	0	0	0	999	428	0	0
seq64	0	0	1274	0	484	0	233	0	0	0	0	0
seq65	0	0	30	0	147	0	401	0	1411	0	0	0
seq66	26	26	0	45	15	0	38	6	364	1461	0	0
seq67	0	0	359	402	347	33	391	0	0	441	0	0
seq68	0	204	396	796	0	0	387	142	0	0	0	0
seq69	0	0	0	80	0	0	0	0	1252	574	0	0
seq70	0	0	30	0	82	0	124	0	1660	0	0	0
seq71	0	0	0	0	0	1809	0	0	0	0	0	0
seq72	0	0	542	927	237	88	0	0	0	0	0	0
seq73	0	0	0	49	21	0	0	0	1449	199	0	0
seq74	0	0	250	536	43	0	330	68	359	108	0	0
seq75	0	33	0	5	7	0	0	0	924	532	0	0
seq76	0	0	0	0	0	0	0	0	1150	322	0	0
seq77	0	0	553	0	751	0	123	0	0	0	0	0
seq78	0	0	0	0	0	0	0	0	1070	340	0	0
seq79	156	263	9	0	0	0	72	0	693	167	0	0
seq80	0	60	0	0	0	0	50	0	704	528	0	0
seq81	0	0	14	0	0	0	50	14	880	353	0	0
seq82	162	0	500	0	120	0	501	0	0	0	0	0
seq83	501	0	104	0	0	0	0	0	677	0	0	0
seq84	21	87	0	133	71	0	49	11	795	98	0	0
seq85	0	0	68	0	0	0	0	0	553	612	0	0
seq86	2	0	60	455	0	0	22	0	493	180	0	0
seq87	0	0	0	0	799	0	402	0	0	0	0	0
seq88	0	0	343	0	176	0	625	0	0	0	0	0
seq89	0	0	533	0	266	0	335	0	0	0	0	0
seq90	0	104	54	142	86	64	39	0	592	46	0	0
seq91	0	0	57	127	49	34	0	0	595	207	0	0
seq92	0	19	9	339	0	0	347	133	0	200	0	0
seq93	0	0	0	56	0	0	0	0	707	280	0	0
seq94	0	0	23	146	47	0	40	0	604	179	0	0
seq95	0	0	0	0	0	0	96	5	694	225	0	0
seq96	1008	0	0	0	0	0	0	0	0	0	0	0
seq97	0	0	129	188	129	145	84	23	226	80	0	0
seq98	0	0	22	44	16	0	148	110	447	216	0	0
seq99	0	0	16	25	33	0	0	0	731	175	0	0
seq100	0	0	0	0	0	0	0	0	0	947	0	0
seq101	0	0	0	100	0	0	0	7	560	264	0	0
seq102	0	140	0	0	0	0	0	0	428	358	0	0
seq103	0	0	908	0	0	0	0	0	0	0	0	0
seq104	219	0	248	0	88	0	336	0	0	0	0	0
seq105	0	0	0	12	162	0	79	0	390	224	0	0
seq106	0	0	0	153	343	0	32	0	255	56	0	0
seq107	0	0	0	9	0	0	95	48	582	97	0	0
seq108	0	810	0	0	0	0	0	0	0	0	0	0
seq109	118	0	489	0	0	0	185	0	0	0	0	0
seq110	0	0	786	0	0	0	0	0	0	0	0	0
seq111	0	0	504	0	275	0	0	0	0	0	0	0
seq112	0	0	0	0	54	0	0	0	494	224	0	0
seq113	0	0	0	0	0	0	35	0	511	196	0	0
seq114	0	0	0	308	0	0	0	0	425	0	0	0
seq115	0	0	0	16	0	0	0	0	668	28	0	0
seq116	0	0	54	6	34	0	602	15	0	0	0	0
seq117	355	245	15	72	0	0	0	3	0	0	0	0
seq118	0	0	0	0	0	0	185	0	498	0	0	0
seq119	0	0	35	142	389	101	0	0	0	0	0	0
seq120	0	0	187	428	44	0	0	0	0	0	0	0
seq121	0	0	0	0	0	0	0	0	298	349	0	0
seq122	0	0	0	0	0	0	454	192	0	0	0	0
seq123	0	7	36	148	328	40	50	21	0	0	0	0
seq124	0	168	100	75	0	0	0	8	144	134	0	0
seq125	0	0	0	0	0	0	0	0	0	628	0	0
seq126	0	0	0	118	0	0	37	0	383	78	0	0
seq127	0	7	38	32	0	0	83	18	21	416	0	0
seq128	0	0	311	0	298	0	0	0	0	0	0	0
seq129	0	0	77	0	0	0	0	0	259	258	0	0
seq130	0	0	0	0	0	0	0	0	0	0	0	564
seq131	0	0	0	0	558	0	0	0	0	0	0	0
seq132	0	0	0	0	553	0	0	0	0	0	0	0
seq133	58	109	220	163	0	0	0	0	0	0	0	0
seq134	0	0	0	0	0	0	0	0	463	78	0	0
seq135	178	0	223	0	72	0	62	0	0	0	0	0
seq136	0	0	69	458	0	0	0	0	0	0	0	0
seq137	156	0	173	0	15	0	16	0	150	0	0	0
seq138	95	13	106	136	124	0	0	0	0	26	0	0
seq139	0	0	0	0	0	0	0	0	361	139	0	0
seq140	0	0	145	349	0	0	0	0	0	0	0	0
seq141	0	28	0	0	0	0	0	0	461	0	0	0
seq142	0	0	8	12	134	0	54	0	136	144	0	0
seq143	0	48	279	118	29	0	0	0	0	0	0	0
seq144	0	0	8	117	75	13	0	0	173	79	0	0
seq145	0	0	231	0	54	0	178	0	0	0	0	0
seq146	0	0	63	33	360	0	0	2	0	0	0	0
seq147	14	8	154	242	36	0	4	0	0	0	0	0
seq148	0	5	0	17	0	0	0	0	363	71	0	0
seq149	0	0	0	118	0	0	136	0	158	43	0	0
seq150	0	0	256	0	21	0	169	0	0	0	0	0
seq151	0	0	0	0	0	0	0	0	395	41	0	0
seq152	0	9	0	17	0	0	0	0	289	119	0	0
seq153	0	0	0	0	399	34	0	0	0	0	0	0
seq154	0	0	205	192	34	0	0	0	0	0	0	0
seq155	0	0	0	0	430	0	0	0	0	0	0	0
seq156	87	20	269	51	0	0	0	0	0	0	0	0
seq157	0	0	56	0	318	0	53	0	0	0	0	0
seq158	0	0	0	0	421	0	0	0	0	0	0	0
seq159	28	52	47	258	34	0	0	0	0	0	0	0
seq160	0	0	40	0	377	0	0	0	0	0	0	0
seq161	0	0	0	0	0	0	0	0	179	237	0	0
seq162	23	19	66	238	65	0	0	0	0	0	0	0
seq163	0	405	0	0	0	0	0	0	0	0	0	0
seq164	269	0	136	0	0	0	0	0	0	0	0	0
seq165	0	0	0	0	0	0	0	0	312	90	0	0
seq166	0	0	0	0	249	0	147	0	0	0	0	0
seq167	0	8	125	154	39	0	17	21	0	30	0	0
seq168	0	0	0	0	5	0	0	0	12	373	0	0
seq169	0	0	0	0	0	0	0	0	386	0	0	0
seq170	71	0	169	0	129	0	0	0	0	0	0	0
seq171	205	159	0	0	0	0	0	0	0	0	0	0
seq172	0	0	0	5	295	62	0	0	0	0	0	0
seq173	193	0	88	0	76	0	0	0	0	0	0	0
seq174	0	0	27	119	0	0	0	0	163	45	0	0
seq175	0	0	0	0	0	0	353	0	0	0	0	0
seq176	0	4	0	0	0	0	347	0	0	0	0	0
seq177	0	0	0	0	0	0	0	0	296	55	0	0
seq178	164	186	0	0	0	0	0	0	0	0	0	0
seq179	0	0	271	0	77	0	0	0	0	0	0	0
seq180	16	0	223	102	0	0	0	0	0	0	0	0
seq181	0	0	325	0	0	0	0	0	0	0	0	0
seq182	0	0	324	0	0	0	0	0	0	0	0	0
seq183	0	0	0	0	0	0	0	20	157	143	0	0
seq184	35	241	0	24	0	0	5	0	10	0	0	0
seq185	0	0	0	74	8	0	184	40	0	0	0	0
seq186	0	0	0	0	0	0	3	0	241	60	0	0
seq187	0	0	0	0	0	0	0	0	303	0	0	0
seq188	0	0	0	0	0	0	0	0	233	69	0	0
seq189	0	0	0	0	0	0	0	0	294	7	0	0
seq190	0	5	189	50	0	52	0	0	0	0	0	0
seq191	0	31	22	23	0	0	0	0	218	0	0	0
seq192	0	0	41	101	54	0	0	0	0	98	0	0
seq193	0	0	143	0	149	0	0	0	0	0	0	0
seq194	0	0	0	0	0	0	55	12	145	79	0	0
seq195	0	0	0	287	0	0	0	0	0	0	0	0
seq196	0	0	20	43	48	0	0	0	97	77	0	0
seq197	0	0	88	62	127	7	0	0	0	0	0	0
seq198	49	235	0	0	0	0	0	0	0	0	0	0
seq199	0	0	241	0	43	0	0	0	0	0	0	0
seq200	0	0	0	0	284	0	0	0	0	0	0	0
seq201	0	0	0	0	0	0	0	0	0	0	0	277
seq202	61	125	22	51	0	0	0	14	0	0	0	0
seq203	0	0	0	0	0	0	0	0	271	0	0	0
seq204	0	0	0	0	0	0	0	0	180	88	0	0
seq205	0	0	0	0	265	0	0	0	0	0	0	0
seq206	182	0	0	0	0	0	79	0	0	0	0	0
seq207	23	0	0	0	0	0	0	0	238	0	0	0
seq208	0	0	182	0	0	0	78	0	0	0	0	0
seq209	0	0	21	0	0	0	237	0	0	0	0	0
seq210	129	0	76	0	52	0	0	0	0	0	0	0
seq211	16	0	25	56	27	0	74	10	48	0	0	0
seq212	15	0	0	0	0	0	0	0	240	0	0	0
seq213	0	0	0	0	17	0	0	0	207	11	0	0
seq214	0	0	0	0	0	0	0	0	0	0	0	235
seq215	0	0	123	69	25	0	10	0	0	0	0	0
seq216	0	0	0	10	0	0	103	0	113	0	0	0
seq217	9	0	146	0	49	0	17	0	0	0	0	0
seq218	0	0	152	66	0	0	0	0	0	0	0	0
seq219	0	0	0	0	159	0	58	0	0	0	0	0
seq220	0	0	0	0	0	0	0	0	215	0	0	0
seq221	0	0	31	0	32	0	103	0	49	0	0	0
seq222	0	0	0	54	0	0	35	0	83	42	0	0
seq223	0	0	0	0	0	0	0	0	0	211	0	0
seq224	0	0	0	0	0	0	0	0	109	101	0	0
seq225	0	0	0	0	0	0	208	0	0	0	0	0
seq226	25	0	0	0	0	13	66	0	103	0	0	0
seq227	0	0	0	0	0	0	0	0	176	30	0	0
seq228	62	107	0	0	35	0	0	0	0	0	0	0
seq229	0	0	148	0	0	0	55	0	0	0	0	0
seq230	0	0	9	0	193	0	0	0	0	0	0	0
seq231	83	119	0	0	0	0	0	0	0	0	0	0
seq232	0	0	0	34	151	16	0	0	0	0	0	0
seq233	0	0	0	0	0	0	0	0	201	0	0	0
seq234	0	0	0	0	8	0	191	0	0	0	0	0
seq235	0	0	91	0	76	0	30	0	0	0	0	0
seq236	0	0	186	0	0	0	0	0	0	0	0	0
seq237	0	0	71	22	19	0	0	0	0	70	0	0
seq238	0	0	17	139	25	0	0	0	0	0	0	0
seq239	0	0	9	0	4	0	15	0	42	111	0	0
seq240	0	0	64	0	116	0	0	0	0	0	0	0
seq241	0	0	56	0	123	0	0	0	0	0	0	0
seq242	0	0	67	0	0	0	0	0	110	0	0	0
seq243	24	0	56	0	96	0	0	0	0	0	0	0
seq244	14	0	26	0	135	0	0	0	0	0	0	0
seq245	0	0	0	0	0	0	0	0	174	0	0	0
seq246	0	0	91	0	0	0	82	0	0	0	0	0
seq247	0	0	0	4	0	0	40	0	128	0	0	0
seq248	0	0	172	0	0	0	0	0	0	0	0	0
seq249	0	0	10	0	0	0	39	0	122	0	0	0
seq250	136	0	0	0	0	0	34	0	0	0	0	0
seq251	0	0	0	170	0	0	0	0	0	0	0	0
seq252	0	0	0	0	0	0	0	0	0	0	0	168
seq253	0	0	0	0	0	0	0	0	58	109	0	0
seq254	0	0	0	0	0	0	0	0	121	44	0	0
seq255	0	0	0	0	0	0	0	0	0	164	0	0
seq256	0	0	0	163	0	0	0	0	0	0	0	0
seq257	0	0	14	132	16	0	0	0	0	0	0	0
seq258	0	0	0	0	0	0	0	0	113	48	0	0
seq259	0	71	32	29	14	0	15	0	0	0	0	0
seq260	0	0	0	0	161	0	0	0	0	0	0	0
seq261	0	3	46	6	0	0	0	0	55	48	0	0
seq262	0	0	0	0	0	0	0	0	157	0	0	0
seq263	0	0	0	0	157	0	0	0	0	0	0	0
seq264	0	0	94	0	21	0	42	0	0	0	0	0
seq265	0	0	0	0	156	0	0	0	0	0	0	0
seq266	0	0	156	0	0	0	0	0	0	0	0	0
seq267	0	0	28	0	0	0	0	0	127	0	0	0
seq268	0	0	9	0	0	0	9	0	17	119	0	0
seq269	0	0	0	0	0	0	0	0	28	126	0	0
seq270	0	0	0	0	132	19	0	0	0	0	0	0
seq271	8	77	37	28	0	0	0	0	0	0	0	0
seq272	0	0	0	0	13	0	0	0	135	0	0	0
seq273	0	0	0	0	18	0	0	0	129	0	0	0
seq274	0	0	0	0	0	0	0	0	146	0	0	0
seq275	0	0	0	0	145	0	0	0	0	0	0	0
seq276	0	0	0	144	0	0	0	0	0	0	0	0
seq277	142	0	0	0	0	0	0	0	0	0	0	0
seq278	0	0	0	0	0	0	0	0	0	0	0	142
seq279	0	90	0	0	0	0	0	0	52	0	0	0
seq280	123	0	0	0	18	0	0	0	0	0	0	0
seq281	0	0	0	0	0	0	0	0	141	0	0	0
seq282	0	0	0	0	135	0	0	0	0	5	0	0
seq283	0	0	0	39	12	0	0	0	12	77	0	0
seq284	0	0	0	0	0	0	0	0	0	138	0	0
seq285	0	0	13	0	17	0	0	0	96	12	0	0
seq286	0	0	0	0	0	0	0	0	138	0	0	0
seq287	0	0	30	83	0	0	24	0	0	0	0	0
seq288	31	72	0	32	0	0	0	0	0	0	0	0
seq289	0	0	0	135	0	0	0	0	0	0	0	0
seq290	84	0	0	50	0	0	0	0	0	0	0	0
seq291	49	0	0	0	85	0	0	0	0	0	0	0
seq292	0	0	0	0	0	0	0	0	133	0	0	0
seq293	0	0	132	0	0	0	0	0	0	0	0	0
seq294	37	14	13	0	40	0	28	0	0	0	0	0
seq295	0	0	132	0	0	0	0	0	0	0	0	0
seq296	0	6	0	0	0	0	123	0	0	0	0	0
seq297	0	0	0	0	128	0	0	0	0	0	0	0
seq298	0	0	0	0	0	0	0	3	115	9	0	0
seq299	0	0	0	0	0	0	0	0	126	0	0	0
seq300	59	67	0	0	0	0	0	0	0	0	0	0
seq301	0	0	0	0	0	0	0	0	123	2	0	0
seq302	6	0	0	0	0	0	97	0	22	0	0	0
seq303	14	110	0	0	0	0	0	0	0	0	0	0
seq304	0	0	0	0	0	0	0	0	0	0	0	124
seq305	0	0	6	116	0	0	0	0	0	0	0	0
seq306	0	0	0	11	0	0	9	26	76	0	0	0
seq307	0	0	0	0	0	0	0	0	65	56	0	0
seq308	0	0	20	30	65	6	0	0	0	0	0	0
seq309	0	0	0	0	0	0	0	0	0	119	0	0
seq310	0	5	0	112	0	0	0	0	0	0	0	0
seq311	0	0	0	0	0	0	0	0	0	0	0	117
seq312	0	0	117	0	0	0	0	0	0	0	0	0
seq313	0	0	0	0	0	0	0	0	0	116	0	0
seq314	4	110	0	0	0	0	0	0	0	0	0	0
seq315	43	0	20	50	0	0	0	0	0	0	0	0
seq316	0	0	11	0	0	6	62	0	0	34	0	0
seq317	0	0	0	0	0	0	93	19	0	0	0	0
seq318	0	0	0	0	111	0	0	0	0	0	0	0
seq319	0	0	32	49	22	5	0	0	0	2	0	0
seq320	0	0	0	109	0	0	0	0	0	0	0	0
seq321	0	0	0	0	109	0	0	0	0	0	0	0
seq322	53	0	56	0	0	0	0	0	0	0	0	0
seq323	0	108	0	0	0	0	0	0	0	0	0	0
seq324	0	0	108	0	0	0	0	0	0	0	0	0
seq325	0	0	0	0	0	0	0	0	108	0	0	0
seq326	0	0	0	0	0	107	0	0	0	0	0	0
seq327	0	15	0	0	0	0	0	0	91	0	0	0
seq328	0	37	0	69	0	0	0	0	0	0	0	0
seq329	106	0	0	0	0	0	0	0	0	0	0	0
seq330	0	0	0	0	0	0	0	0	0	0	0	105
seq331	0	0	0	0	0	0	0	0	25	80	0	0
seq332	0	0	40	64	0	0	0	0	0	0	0	0
seq333	0	0	0	0	0	0	104	0	0	0	0	0
seq334	0	0	0	0	103	0	0	0	0	0	0	0
seq335	0	0	0	0	0	0	0	0	102	0	0	0
seq336	0	0	0	0	2	0	0	0	80	20	0	0
seq337	0	0	0	18	0	0	0	0	54	29	0	0
seq338	0	0	0	0	0	101	0	0	0	0	0	0
seq339	0	0	0	0	0	0	0	0	0	0	0	101
seq340	41	0	0	0	0	0	60	0	0	0	0	0
seq341	0	0	0	0	0	0	0	0	89	12	0	0
seq342	0	0	0	0	0	0	0	0	100	0	0	0
seq343	0	0	0	0	0	0	0	0	100	0	0	0
seq344	0	15	74	11	0	0	0	0	0	0	0	0
seq345	0	0	0	0	0	0	98	0	0	0	0	0
seq346	0	0	13	0	0	0	0	0	84	0	0	0
seq347	0	0	0	0	52	0	0	0	45	0	0	0
seq348	0	0	0	0	0	0	0	0	95	0	0	0
seq349	95	0	0	0	0	0	0	0	0	0	0	0
seq350	0	0	0	0	0	0	95	0	0	0	0	0
seq351	0	0	19	37	38	0	0	0	0	0	0	0
seq352	0	0	13	0	0	0	0	0	36	45	0	0
seq353	0	0	0	0	0	0	0	3	89	0	0	0
seq354	0	0	0	0	92	0	0	0	0	0	0	0
seq355	0	0	91	0	0	0	0	0	0	0	0	0
seq356	0	0	0	0	0	0	0	0	36	54	0	0
seq357	0	0	13	0	0	0	0	0	76	0	0	0
seq358	0	0	0	0	0	0	0	0	89	0	0	0
seq359	0	0	0	21	0	0	67	0	0	0	0	0
seq360	0	0	0	80	8	0	0	0	0	0	0	0
seq361	0	0	0	0	0	0	0	0	76	11	0	0
seq362	87	0	0	0	0	0	0	0	0	0	0	0
seq363	0	0	87	0	0	0	0	0	0	0	0	0
seq364	0	86	0	0	0	0	0	0	0	0	0	0
seq365	0	0	0	0	0	0	0	0	85	0	0	0
seq366	0	48	0	0	0	0	0	0	37	0	0	0
seq367	0	0	24	0	0	0	60	0	0	0	0	0
seq368	0	0	0	0	0	0	0	0	65	19	0	0
seq369	0	0	0	18	0	0	32	34	0	0	0	0
seq370	0	65	0	18	0	0	0	0	0	0	0	0
seq371	0	0	83	0	0	0	0	0	0	0	0	0
seq372	0	0	0	0	0	0	83	0	0	0	0	0
seq373	0	0	0	0	0	0	79	0	4	0	0	0
seq374	0	0	0	0	0	0	0	0	0	0	0	82
seq375	0	0	0	55	27	0	0	0	0	0	0	0
seq376	0	82	0	0	0	0	0	0	0	0	0	0
seq377	0	10	8	49	14	0	0	0	0	0	0	0
seq378	0	0	0	0	72	0	0	0	0	9	0	0
seq379	0	0	26	0	5	0	50	0	0	0	0	0
seq380	0	0	0	0	81	0	0	0	0	0	0	0
seq381	0	0	71	9	0	0	0	0	0	0	0	0
seq382	0	0	0	0	0	0	80	0	0	0	0	0
seq383	0	0	0	0	0	0	0	0	80	0	0	0
seq384	0	80	0	0	0	0	0	0	0	0	0	0
seq385	0	0	57	0	0	0	23	0	0	0	0	0
seq386	0	0	0	0	0	0	0	0	71	8	0	0
seq387	0	0	78	0	0	0	0	0	0	0	0	0
seq388	29	49	0	0	0	0	0	0	0	0	0	0
seq389	0	0	0	0	78	0	0	0	0	0	0	0
seq390	0	78	0	0	0	0	0	0	0	0	0	0
seq391	0	0	0	0	0	0	78	0	0	0	0	0
seq392	0	0	0	0	0	0	0	0	74	3	0	0
seq393	0	0	0	0	77	0	0	0	0	0	0	0
seq394	0	0	43	0	0	0	33	0	0	0	0	0
seq395	60	16	0	0	0	0	0	0	0	0	0	0
seq396	0	0	0	0	76	0	0	0	0	0	0	0
seq397	76	0	0	0	0	0	0	0	0	0	0	0
seq398	46	29	0	0	0	0	0	0	0	0	0	0
seq399	0	0	0	0	7	68	0	0	0	0	0	0
seq400	0	0	75	0	0	0	0	0	0	0	0	0
seq401	0	0	13	0	34	0	26	0	0	0	0	0
seq402	0	0	0	0	0	0	62	11	0	0	0	0
seq403	0	0	0	72	0	0	0	0	0	0	0	0
seq404	0	0	0	0	71	0	0	0	0	0	0	0
seq405	0	0	0	0	42	0	0	0	29	0	0	0
seq406	71	0	0	0	0	0	0	0	0	0	0	0
seq407	0	0	70	0	0	0	0	0	0	0	0	0
seq408	0	0	0	0	0	0	0	0	0	0	0	70
seq409	70	0	0	0	0	0	0	0	0	0	0	0
seq410	0	0	0	0	0	0	0	0	70	0	0	0
seq411	0	0	0	0	0	0	0	0	60	9	0	0
seq412	0	0	69	0	0	0	0	0	0	0	0	0
seq413	0	68	0	0	0	0	0	0	0	0	0	0
seq414	0	0	0	68	0	0	0	0	0	0	0	0
seq415	0	0	68	0	0	0	0	0	0	0	0	0
seq416	31	36	0	0	0	0	0	0	0	0	0	0
seq417	0	0	67	0	0	0	0	0	0	0	0	0
seq418	0	0	26	0	41	0	0	0	0	0	0	0
seq419	0	0	0	0	0	0	0	0	65	0	0	0
seq420	0	0	0	0	0	0	0	0	0	65	0	0
seq421	27	38	0	0	0	0	0	0	0	0	0	0
seq422	0	0	31	34	0	0	0	0	0	0	0	0
seq423	0	0	0	65	0	0	0	0	0	0	0	0
seq424	65	0	0	0	0	0	0	0	0	0	0	0
seq425	0	0	0	0	64	0	0	0	0	0	0	0
seq426	0	0	7	0	0	0	53	2	0	2	0	0
seq427	0	0	0	0	0	0	0	0	64	0	0	0
seq428	54	0	0	0	0	0	8	0	0	0	0	0
seq429	62	0	0	0	0	0	0	0	0	0	0	0
seq430	0	0	0	0	0	0	0	0	61	0	0	0
seq431	0	0	0	0	0	0	0	0	59	2	0	0
seq432	0	0	0	0	0	0	61	0	0	0	0	0
seq433	43	0	0	0	0	0	0	17	0	0	0	0
seq434	0	0	0	60	0	0	0	0	0	0	0	0
seq435	0	59	0	0	0	0	0	0	0	0	0	0
seq436	0	0	0	59	0	0	0	0	0	0	0	0
seq437	0	0	31	0	28	0	0	0	0	0	0	0
seq438	0	0	0	0	0	0	59	0	0	0	0	0
seq439	0	0	0	0	0	0	0	0	58	0	0	0
seq440	0	0	0	58	0	0	0	0	0	0	0	0
seq441	37	21	0	0	0	0	0	0	0	0	0	0
seq442	58	0	0	0	0	0	0	0	0	0	0	0
seq443	0	0	0	0	58	0	0	0	0	0	0	0
seq444	48	9	0	0	0	0	0	0	0	0	0	0
seq445	56	0	0	0	0	0	0	0	0	0	0	0
seq446	0	0	0	0	0	0	0	0	27	29	0	0
seq447	0	56	0	0	0	0	0	0	0	0	0	0
seq448	0	0	0	0	0	0	0	0	0	56	0	0
seq449	0	0	0	0	0	0	56	0	0	0	0	0
seq450	0	0	0	0	0	0	0	0	35	21	0	0
seq451	0	0	0	0	56	0	0	0	0	0	0	0
seq452	0	17	0	0	39	0	0	0	0	0	0	0
seq453	0	0	24	0	31	0	0	0	0	0	0	0
seq454	0	0	0	0	55	0	0	0	0	0	0	0
seq455	55	0	0	0	0	0	0	0	0	0	0	0
seq456	0	0	0	0	0	0	0	0	55	0	0	0
seq457	0	54	0	0	0	0	0	0	0	0	0	0
seq458	0	0	0	0	0	0	0	0	0	0	54	0
seq459	0	0	0	0	0	0	0	0	54	0	0	0
seq460	0	0	0	0	0	0	0	0	17	37	0	0
seq461	0	0	0	0	0	0	0	0	0	54	0	0
seq462	22	0	0	31	0	0	0	0	0	0	0	0
seq463	0	53	0	0	0	0	0	0	0	0	0	0
seq464	0	0	0	0	53	0	0	0	0	0	0	0
seq465	0	0	0	0	0	0	0	0	53	0	0	0
seq466	52	0	0	0	0	0	0	0	0	0	0	0
seq467	0	0	0	52	0	0	0	0	0	0	0	0
seq468	0	0	0	0	0	0	0	0	0	0	0	52
seq469	0	0	0	0	0	0	0	0	52	0	0	0
seq470	0	0	0	0	0	0	0	0	25	27	0	0
seq471	0	0	0	0	0	0	0	0	51	0	0	0
seq472	0	51	0	0	0	0	0	0	0	0	0	0
seq473	0	0	0	50	0	0	0	0	0	0	0	0
seq474	6	0	0	0	44	0	0	0	0	0	0	0
seq475	49	0	0	0	0	0	0	0	0	0	0	0
seq476	0	0	0	0	0	0	48	0	0	0	0	0
seq477	0	0	0	0	37	0	0	0	0	11	0	0
seq478	48	0	0	0	0	0	0	0	0	0	0	0
seq479	0	0	0	0	0	0	0	0	32	16	0	0
seq480	0	0	0	30	0	0	0	0	0	18	0	0
seq481	0	0	0	0	22	25	0	0	0	0	0	0
seq482	0	0	0	0	0	0	0	0	0	47	0	0
seq483	0	0	47	0	0	0	0	0	0	0	0	0
seq484	0	0	27	0	20	0	0	0	0	0	0	0
seq485	0	0	0	0	46	0	0	0	0	0	0	0
seq486	0	0	0	0	0	0	0	0	46	0	0	0
seq487	0	0	46	0	0	0	0	0	0	0	0	0
seq488	0	0	0	0	0	0	0	0	46	0	0	0
seq489	0	0	45	0	0	0	0	0	0	0	0	0
seq490	0	0	0	0	0	0	0	0	0	45	0	0
seq491	0	0	0	0	45	0	0	0	0	0	0	0
seq492	0	0	0	2	30	0	0	0	13	0	0	0
seq493	45	0	0	0	0	0	0	0	0	0	0	0
seq494	0	0	0	0	0	0	0	0	44	0	0	0
seq495	0	44	0	0	0	0	0	0	0	0	0	0
seq496	0	0	44	0	0	0	0	0	0	0	0	0
seq497	0	0	0	0	0	44	0	0	0	0	0	0
seq498	0	0	0	44	0	0	0	0	0	0	0	0
seq499	0	0	0	0	0	0	0	0	0	44	0	0
seq500	0	0	0	6	0	0	0	0	0	38	0	0
seq501	0	0	0	0	44	0	0	0	0	0	0	0
seq502	0	0	0	0	0	0	0	0	44	0	0	0
seq503	43	0	0	0	0	0	0	0	0	0	0	0
seq504	42	0	0	0	0	0	0	0	0	0	0	0
seq505	0	0	0	0	0	0	42	0	0	0	0	0
seq506	0	0	0	32	0	0	10	0	0	0	0	0
seq507	0	0	20	0	22	0	0	0	0	0	0	0
seq508	41	0	0	0	0	0	0	0	0	0	0	0
seq509	0	0	0	0	41	0	0	0	0	0	0	0
seq510	0	41	0	0	0	0	0	0	0	0	0	0
seq511	41	0	0	0	0	0	0	0	0	0	0	0
seq512	41	0	0	0	0	0	0	0	0	0	0	0
seq513	0	0	18	0	12	0	11	0	0	0	0	0
seq514	0	0	0	0	41	0	0	0	0	0	0	0
seq515	0	0	40	0	0	0	0	0	0	0	0	0
seq516	40	0	0	0	0	0	0	0	0	0	0	0
seq517	0	0	40	0	0	0	0	0	0	0	0	0
seq518	0	0	0	0	39	0	0	0	0	0	0	0
seq519	39	0	0	0	0	0	0	0	0	0	0	0
seq520	39	0	0	0	0	0	0	0	0	0	0	0
seq521	0	0	0	0	0	0	0	0	0	39	0	0
seq522	0	0	0	38	0	0	0	0	0	0	0	0
seq523	0	0	0	0	0	0	0	0	19	19	0	0
seq524	0	0	38	0	0	0	0	0	0	0	0	0
seq525	0	0	0	0	38	0	0	0	0	0	0	0
seq526	0	0	0	0	0	0	0	0	38	0	0	0
seq527	0	0	0	37	0	0	0	0	0	0	0	0
seq528	0	0	0	0	0	0	37	0	0	0	0	0
seq529	0	37	0	0	0	0	0	0	0	0	0	0
seq530	0	37	0	0	0	0	0	0	0	0	0	0
seq531	0	0	19	18	0	0	0	0	0	0	0	0
seq532	37	0	0	0	0	0	0	0	0	0	0	0
seq533	0	0	37	0	0	0	0	0	0	0	0	0
seq534	0	0	0	0	0	0	0	0	37	0	0	0
seq535	0	0	0	0	36	0	0	0	0	0	0	0
seq536	0	0	0	0	0	0	0	0	36	0	0	0
seq537	0	0	0	0	0	0	0	0	0	36	0	0
seq538	7	15	0	0	0	0	0	0	14	0	0	0
seq539	0	0	36	0	0	0	0	0	0	0	0	0
seq540	0	0	0	0	0	0	36	0	0	0	0	0
seq541	0	36	0	0	0	0	0	0	0	0	0	0
seq542	20	15	0	0	0	0	0	0	0	0	0	0
seq543	0	0	0	35	0	0	0	0	0	0	0	0
seq544	0	0	35	0	0	0	0	0	0	0	0	0
seq545	0	0	0	0	0	0	35	0	0	0	0	0
seq546	0	0	0	0	0	0	0	0	0	35	0	0
seq547	0	0	34	0	0	0	0	0	0	0	0	0
seq548	0	0	0	0	0	0	0	0	0	34	0	0
seq549	13	21	0	0	0	0	0	0	0	0	0	0
seq550	0	0	34	0	0	0	0	0	0	0	0	0
seq551	0	33	0	0	0	0	0	0	0	0	0	0
seq552	33	0	0	0	0	0	0	0	0	0	0	0
seq553	0	0	0	33	0	0	0	0	0	0	0	0
seq554	0	0	0	0	32	0	0	0	0	0	0	0
seq555	32	0	0	0	0	0	0	0	0	0	0	0
seq556	0	0	0	32	0	0	0	0	0	0	0	0
seq557	0	0	0	0	0	0	0	0	23	9	0	0
seq558	32	0	0	0	0	0	0	0	0	0	0	0
seq559	0	32	0	0	0	0	0	0	0	0	0	0
seq560	0	0	0	0	31	0	0	0	0	0	0	0
seq561	0	0	0	0	0	0	31	0	0	0	0	0
seq562	0	0	0	0	0	0	0	0	31	0	0	0
seq563	0	31	0	0	0	0	0	0	0	0	0	0
seq564	0	0	17	14	0	0	0	0	0	0	0	0
seq565	0	0	0	0	0	0	31	0	0	0	0	0
seq566	0	0	0	0	0	0	0	0	31	0	0	0
seq567	0	0	0	0	0	0	0	0	20	11	0	0
seq568	31	0	0	0	0	0	0	0	0	0	0	0
seq569	0	0	0	9	0	0	0	22	0	0	0	0
seq570	0	0	0	0	21	10	0	0	0	0	0	0
seq571	0	0	30	0	0	0	0	0	0	0	0	0
seq572	0	0	0	0	30	0	0	0	0	0	0	0
seq573	9	21	0	0	0	0	0	0	0	0	0	0
seq574	0	0	0	30	0	0	0	0	0	0	0	0
seq575	0	0	0	0	30	0	0	0	0	0	0	0
seq576	21	0	0	9	0	0	0	0	0	0	0	0
seq577	30	0	0	0	0	0	0	0	0	0	0	0
seq578	0	0	0	0	29	0	0	0	0	0	0	0
seq579	0	0	0	0	0	0	0	0	29	0	0	0
seq580	0	0	0	0	0	0	0	0	0	29	0	0
seq581	0	29	0	0	0	0	0	0	0	0	0	0
seq582	4	25	0	0	0	0	0	0	0	0	0	0
seq583	0	29	0	0	0	0	0	0	0	0	0	0
seq584	0	0	21	0	0	0	0	0	0	8	0	0
seq585	0	0	0	29	0	0	0	0	0	0	0	0
seq586	29	0	0	0	0	0	0	0	0	0	0	0
seq587	0	0	29	0	0	0	0	0	0	0	0	0
seq588	0	0	0	0	29	0	0	0	0	0	0	0
seq589	0	0	0	0	0	0	29	0	0	0	0	0
seq590	28	0	0	0	0	0	0	0	0	0	0	0
seq591	0	0	28	0	0	0	0	0	0	0	0	0
seq592	0	0	28	0	0	0	0	0	0	0	0	0
seq593	0	0	28	0	0	0	0	0	0	0	0	0
seq594	0	0	0	0	28	0	0	0	0	0	0	0
seq595	0	0	0	0	28	0	0	0	0	0	0	0
seq596	28	0	0	0	0	0	0	0	0	0	0	0
seq597	0	0	28	0	0	0	0	0	0	0	0	0
seq598	0	0	0	0	0	0	0	0	28	0	0	0
seq599	0	0	0	0	0	0	0	0	28	0	0	0
seq600	27	0	0	0	0	0	0	0	0	0	0	0
seq601	0	0	27	0	0	0	0	0	0	0	0	0
seq602	0	0	0	0	0	0	27	0	0	0	0	0
seq603	0	0	0	0	0	0	0	0	27	0	0	0
seq604	0	0	0	0	0	0	0	0	0	0	0	27
seq605	0	0	0	0	0	0	27	0	0	0	0	0
seq606	0	0	0	0	0	0	0	27	0	0	0	0
seq607	27	0	0	0	0	0	0	0	0	0	0	0
seq608	27	0	0	0	0	0	0	0	0	0	0	0
seq609	27	0	0	0	0	0	0	0	0	0	0	0
seq610	0	0	0	0	0	0	20	7	0	0	0	0
seq611	0	0	0	0	0	0	0	0	26	0	0	0
seq612	0	0	0	0	0	0	0	0	26	0	0	0
seq613	0	26	0	0	0	0	0	0	0	0	0	0
seq614	8	18	0	0	0	0	0	0	0	0	0	0
seq615	26	0	0	0	0	0	0	0	0	0	0	0
seq616	0	0	0	0	0	0	0	0	0	26	0	0
seq617	0	0	0	0	0	0	0	0	0	26	0	0
seq618	25	0	0	0	0	0	0	0	0	0	0	0
seq619	25	0	0	0	0	0	0	0	0	0	0	0
seq620	25	0	0	0	0	0	0	0	0	0	0	0
seq621	0	0	0	0	0	0	0	0	25	0	0	0
seq622	0	0	0	0	0	0	0	0	25	0	0	0
seq623	0	0	6	5	0	0	0	0	14	0	0	0
seq624	0	25	0	0	0	0	0	0	0	0	0	0
seq625	0	0	25	0	0	0	0	0	0	0	0	0
seq626	0	0	25	0	0	0	0	0	0	0	0	0
seq627	0	0	0	25	0	0	0	0	0	0	0	0
seq628	0	25	0	0	0	0	0	0	0	0	0	0
seq629	0	0	0	0	25	0	0	0	0	0	0	0
seq630	0	0	0	0	0	0	0	0	25	0	0	0
seq631	0	24	0	0	0	0	0	0	0	0	0	0
seq632	0	24	0	0	0	0	0	0	0	0	0	0
seq633	0	24	0	0	0	0	0	0	0	0	0	0
seq634	0	0	0	0	0	0	0	0	24	0	0	0
seq635	0	0	0	0	0	0	0	24	0	0	0	0
seq636	24	0	0	0	0	0	0	0	0	0	0	0
seq637	24	0	0	0	0	0	0	0	0	0	0	0
seq638	0	0	24	0	0	0	0	0	0	0	0	0
seq639	0	0	0	0	24	0	0	0	0	0	0	0
seq640	0	0	0	0	0	0	0	0	24	0	0	0
seq641	23	0	0	0	0	0	0	0	0	0	0	0
seq642	0	0	0	0	0	0	0	0	23	0	0	0
seq643	0	0	0	0	0	0	0	0	23	0	0	0
seq644	0	0	0	0	0	0	0	0	23	0	0	0
seq645	23	0	0	0	0	0	0	0	0	0	0	0
seq646	0	0	0	0	23	0	0	0	0	0	0	0
seq647	0	6	0	0	0	0	5	12	0	0	0	0
seq648	0	0	0	0	0	0	0	0	0	0	0	23
seq649	0	23	0	0	0	0	0	0	0	0	0	0
seq650	0	0	0	23	0	0	0	0	0	0	0	0
seq651	23	0	0	0	0	0	0	0	0	0	0	0
seq652	0	0	0	0	0	0	0	0	0	23	0	0
seq653	23	0	0	0	0	0	0	0	0	0	0	0
seq654	23	0	0	0	0	0	0	0	0	0	0	0
seq655	0	0	0	0	0	0	0	0	23	0	0	0
seq656	0	0	0	0	0	0	0	0	23	0	0	0
seq657	22	0	0	0	0	0	0	0	0	0	0	0
seq658	22	0	0	0	0	0	0	0	0	0	0	0
seq659	0	0	22	0	0	0	0	0	0	0	0	0
seq660	0	22	0	0	0	0	0	0	0	0	0	0
seq661	0	0	0	0	0	0	0	22	0	0	0	0
seq662	0	0	0	22	0	0	0	0	0	0	0	0
seq663	0	22	0	0	0	0	0	0	0	0	0	0
seq664	0	0	0	0	0	22	0	0	0	0	0	0
seq665	22	0	0	0	0	0	0	0	0	0	0	0
seq666	0	0	12	0	10	0	0	0	0	0	0	0
seq667	0	0	0	22	0	0	0	0	0	0	0	0
seq668	0	0	0	0	22	0	0	0	0	0	0	0
seq669	0	0	0	0	22	0	0	0	0	0	0	0
seq670	0	0	0	0	22	0	0	0	0	0	0	0
seq671	0	0	0	0	0	0	22	0	0	0	0	0
seq672	0	0	0	0	0	0	0	0	22	0	0	0
seq673	0	0	0	0	0	0	0	0	22	0	0	0
seq674	0	0	0	0	0	0	0	0	22	0	0	0
seq675	0	0	0	0	0	0	0	0	0	22	0	0
seq676	0	21	0	0	0	0	0	0	0	0	0	0
seq677	0	21	0	0	0	0	0	0	0	0	0	0
seq678	0	0	21	0	0	0	0	0	0	0	0	0
seq679	0	0	0	0	21	0	0	0	0	0	0	0
seq680	0	0	0	21	0	0	0	0	0	0	0	0
seq681	0	0	0	21	0	0	0	0	0	0	0	0
seq682	0	0	21	0	0	0	0	0	0	0	0	0
seq683	0	0	0	0	0	0	0	0	0	21	0	0
seq684	0	21	0	0	0	0	0	0	0	0	0	0
seq685	0	0	21	0	0	0	0	0	0	0	0	0
seq686	0	0	14	0	7	0	0	0	0	0	0	0
seq687	0	0	0	0	0	0	21	0	0	0	0	0
seq688	0	0	0	0	0	0	0	0	21	0	0	0
seq689	0	0	0	0	0	0	0	0	21	0	0	0
seq690	0	0	0	0	0	0	0	0	21	0	0	0
seq691	0	0	0	0	0	0	0	0	0	21	0	0
seq692	0	0	0	0	0	0	0	0	0	0	0	21
seq693	20	0	0	0	0	0	0	0	0	0	0	0
seq694	0	0	11	0	9	0	0	0	0	0	0	0
seq695	0	0	0	0	20	0	0	0	0	0	0	0
seq696	0	0	0	0	0	0	20	0	0	0	0	0
seq697	0	0	0	0	0	0	0	0	20	0	0	0
seq698	0	0	0	0	0	0	0	0	20	0	0	0
seq699	0	0	0	0	0	0	0	0	0	0	0	20
seq700	0	0	20	0	0	0	0	0	0	0	0	0
seq701	0	20	0	0	0	0	0	0	0	0	0	0
seq702	0	0	0	0	20	0	0	0	0	0	0	0
seq703	20	0	0	0	0	0	0	0	0	0	0	0
seq704	0	20	0	0	0	0	0	0	0	0	0	0
seq705	0	0	0	20	0	0	0	0	0	0	0	0
seq706	0	0	0	0	0	0	20	0	0	0	0	0
seq707	0	0	0	0	0	0	0	0	20	0	0	0
seq708	0	0	0	0	0	0	0	0	20	0	0	0
seq709	0	0	0	0	0	0	0	0	20	0	0	0
seq710	19	0	0	0	0	0	0	0	0	0	0	0
seq711	0	0	0	0	19	0	0	0	0	0	0	0
seq712	0	0	0	0	0	0	19	0	0	0	0	0
seq713	0	0	0	0	0	0	0	19	0	0	0	0
seq714	0	0	0	4	15	0	0	0	0	0	0	0
seq715	0	19	0	0	0	0	0	0	0	0	0	0
seq716	0	19	0	0	0	0	0	0	0	0	0	0
seq717	0	19	0	0	0	0	0	0	0	0	0	0
seq718	0	19	0	0	0	0	0	0	0	0	0	0
seq719	0	19	0	0	0	0	0	0	0	0	0	0
seq720	0	0	9	10	0	0	0	0	0	0	0	0
seq721	0	0	0	0	0	0	0	0	0	0	0	19
seq722	19	0	0	0	0	0	0	0	0	0	0	0
seq723	19	0	0	0	0	0	0	0	0	0	0	0
seq724	0	19	0	0	0	0	0	0	0	0	0	0
seq725	0	0	19	0	0	0	0	0	0	0	0	0
seq726	0	0	19	0	0	0	0	0	0	0	0	0
seq727	0	0	0	0	19	0	0	0	0	0	0	0
seq728	0	0	0	0	19	0	0	0	0	0	0	0
seq729	0	0	0	0	0	0	19	0	0	0	0	0
seq730	0	0	0	0	0	0	0	0	19	0	0	0
seq731	0	0	0	0	0	0	0	0	0	19	0	0
seq732	0	0	18	0	0	0	0	0	0	0	0	0
seq733	0	0	18	0	0	0	0	0	0	0	0	0
seq734	0	0	18	0	0	0	0	0	0	0	0	0
seq735	0	0	0	0	18	0	0	0	0	0	0	0
seq736	0	0	0	0	0	0	0	0	18	0	0	0
seq737	0	5	0	5	8	0	0	0	0	0	0	0
seq738	7	11	0	0	0	0	0	0	0	0	0	0
seq739	0	0	0	0	0	0	0	0	0	18	0	0
seq740	0	0	18	0	0	0	0	0	0	0	0	0
seq741	0	0	0	0	0	0	0	0	0	0	0	18
seq742	0	0	0	18	0	0	0	0	0	0	0	0
seq743	0	0	0	0	18	0	0	0	0	0	0	0
seq744	0	0	0	18	0	0	0	0	0	0	0	0
seq745	18	0	0	0	0	0	0	0	0	0	0	0
seq746	0	18	0	0	0	0	0	0	0	0	0	0
seq747	0	0	18	0	0	0	0	0	0	0	0	0
seq748	0	0	18	0	0	0	0	0	0	0	0	0
seq749	0	0	0	0	0	0	0	0	18	0	0	0
seq750	17	0	0	0	0	0	0	0	0	0	0	0
seq751	17	0	0	0	0	0	0	0	0	0	0	0
seq752	0	0	17	0	0	0	0	0	0	0	0	0
seq753	0	0	0	17	0	0	0	0	0	0	0	0
seq754	0	0	0	0	17	0	0	0	0	0	0	0
seq755	0	0	17	0	0	0	0	0	0	0	0	0
seq756	0	17	0	0	0	0	0	0	0	0	0	0
seq757	0	0	0	17	0	0	0	0	0	0	0	0
seq758	0	0	0	17	0	0	0	0	0	0	0	0
seq759	0	0	0	0	0	0	0	0	0	17	0	0
seq760	17	0	0	0	0	0	0	0	0	0	0	0
seq761	0	17	0	0	0	0	0	0	0	0	0	0
seq762	0	17	0	0	0	0	0	0	0	0	0	0
seq763	0	17	0	0	0	0	0	0	0	0	0	0
seq764	0	0	17	0	0	0	0	0	0	0	0	0
seq765	0	0	17	0	0	0	0	0	0	0	0	0
seq766	0	0	9	0	8	0	0	0	0	0	0	0
seq767	0	0	0	17	0	0	0	0	0	0	0	0
seq768	0	0	0	0	17	0	0	0	0	0	0	0
seq769	0	0	0	0	17	0	0	0	0	0	0	0
seq770	0	0	0	0	0	17	0	0	0	0	0	0
seq771	16	0	0	0	0	0	0	0	0	0	0	0
seq772	0	0	0	16	0	0	0	0	0	0	0	0
seq773	0	0	0	0	0	0	0	0	16	0	0	0
seq774	0	0	0	0	0	0	0	16	0	0	0	0
seq775	0	16	0	0	0	0	0	0	0	0	0	0
seq776	0	0	11	5	0	0	0	0	0	0	0	0
seq777	16	0	0	0	0	0	0	0	0	0	0	0
seq778	16	0	0	0	0	0	0	0	0	0	0	0
seq779	16	0	0	0	0	0	0	0	0	0	0	0
seq780	10	6	0	0	0	0	0	0	0	0	0	0
seq781	0	0	16	0	0	0	0	0	0	0	0	0
seq782	0	0	0	0	16	0	0	0	0	0	0	0
seq783	0	0	0	0	0	0	16	0	0	0	0	0
seq784	0	0	0	0	0	0	0	0	16	0	0	0
seq785	0	0	0	0	0	0	0	0	16	0	0	0
seq786	8	7	0	0	0	0	0	0	0	0	0	0
seq787	0	0	0	15	0	0	0	0	0	0	0	0
seq788	0	0	0	0	0	0	0	0	15	0	0	0
seq789	0	0	0	0	0	0	0	0	15	0	0	0
seq790	0	0	0	0	0	0	15	0	0	0	0	0
seq791	0	0	0	0	0	0	0	0	15	0	0	0
seq792	0	15	0	0	0	0	0	0	0	0	0	0
seq793	0	0	0	0	0	0	0	0	0	0	0	15
seq794	4	0	11	0	0	0	0	0	0	0	0	0
seq795	15	0	0	0	0	0	0	0	0	0	0	0
seq796	15	0	0	0	0	0	0	0	0	0	0	0
seq797	0	15	0	0	0	0	0	0	0	0	0	0
seq798	0	0	15	0	0	0	0	0	0	0	0	0
seq799	0	0	15	0	0	0	0	0	0	0	0	0
seq800	0	0	15	0	0	0	0	0	0	0	0	0
seq801	0	0	0	15	0	0	0	0	0	0	0	0
seq802	0	0	0	15	0	0	0	0	0	0	0	0
seq803	0	0	0	0	0	0	15	0	0	0	0	0
seq804	0	0	0	0	0	0	0	0	15	0	0	0
seq805	0	0	0	0	0	0	0	0	15	0	0	0
seq806	0	0	0	0	0	0	0	0	15	0	0	0
seq807	0	14	0	0	0	0	0	0	0	0	0	0
seq808	0	0	14	0	0	0	0	0	0	0	0	0
seq809	0	0	0	14	0	0	0	0	0	0	0	0
seq810	0	0	0	0	14	0	0	0	0	0	0	0
seq811	0	0	0	0	0	0	0	0	14	0	0	0
seq812	0	0	0	0	0	0	5	0	9	0	0	0
seq813	0	0	0	14	0	0	0	0	0	0	0	0
seq814	14	0	0	0	0	0	0	0	0	0	0	0
seq815	0	0	14	0	0	0	0	0	0	0	0	0
seq816	0	0	14	0	0	0	0	0	0	0	0	0
seq817	0	0	14	0	0	0	0	0	0	0	0	0
seq818	0	0	0	0	14	0	0	0	0	0	0	0
seq819	0	0	0	0	14	0	0	0	0	0	0	0
seq820	0	0	0	0	14	0	0	0	0	0	0	0
seq821	0	0	0	0	0	0	14	0	0	0	0	0
seq822	0	0	0	0	0	0	0	0	14	0	0	0
seq823	0	0	0	0	0	0	0	0	0	14	0	0
seq824	0	0	0	0	0	0	0	0	0	0	0	14
seq825	0	13	0	0	0	0	0	0	0	0	0	0
seq826	0	0	13	0	0	0	0	0	0	0	0	0
seq827	0	0	5	0	8	0	0	0	0	0	0	0
seq828	0	0	0	13	0	0	0	0	0	0	0	0
seq829	0	0	0	13	0	0	0	0	0	0	0	0
seq830	0	0	0	0	13	0	0	0	0	0	0	0
seq831	0	0	0	0	0	0	13	0	0	0	0	0
seq832	0	0	0	0	0	0	0	0	13	0	0	0
seq833	0	0	0	0	0	0	0	0	0	13	0	0
seq834	0	0	0	0	0	0	0	0	13	0	0	0
seq835	0	0	0	0	0	0	0	0	13	0	0	0
seq836	0	0	0	0	0	0	0	0	0	0	0	13
seq837	0	13	0	0	0	0	0	0	0	0	0	0
seq838	13	0	0	0	0	0	0	0	0	0	0	0
seq839	13	0	0	0	0	0	0	0	0	0	0	0
seq840	13	0	0	0	0	0	0	0	0	0	0	0
seq841	13	0	0	0	0	0	0	0	0	0	0	0
seq842	0	13	0	0	0	0	0	0	0	0	0	0
seq843	0	13	0	0	0	0	0	0	0	0	0	0
seq844	0	0	13	0	0	0	0	0	0	0	0	0
seq845	0	0	13	0	0	0	0	0	0	0	0	0
seq846	0	0	13	0	0	0	0	0	0	0	0	0
seq847	0	0	0	0	13	0	0	0	0	0	0	0
seq848	0	0	0	0	13	0	0	0	0	0	0	0
seq849	0	0	0	0	13	0	0	0	0	0	0	0
seq850	0	0	0	0	13	0	0	0	0	0	0	0
seq851	0	0	0	0	0	0	13	0	0	0	0	0
seq852	0	0	0	0	0	0	0	0	13	0	0	0
seq853	0	0	0	0	0	0	0	0	13	0	0	0
seq854	0	0	0	0	0	0	0	0	0	13	0	0
seq855	0	0	0	0	0	0	0	0	0	13	0	0
seq856	12	0	0	0	0	0	0	0	0	0	0	0
seq857	0	12	0	0	0	0	0	0	0	0	0	0
seq858	0	12	0	0	0	0	0	0	0	0	0	0
seq859	0	0	12	0	0	0	0	0	0	0	0	0
seq860	0	0	0	0	12	0	0	0	0	0	0	0
seq861	0	0	0	0	12	0	0	0	0	0	0	0
seq862	0	0	0	0	12	0	0	0	0	0	0	0
seq863	0	0	0	0	0	0	12	0	0	0	0	0
seq864	0	0	0	0	0	0	0	0	12	0	0	0
seq865	0	12	0	0	0	0	0	0	0	0	0	0
seq866	0	12	0	0	0	0	0	0	0	0	0	0
seq867	0	0	0	0	12	0	0	0	0	0	0	0
seq868	0	12	0	0	0	0	0	0	0	0	0	0
seq869	0	0	0	0	0	0	0	0	0	0	0	12
seq870	12	0	0	0	0	0	0	0	0	0	0	0
seq871	0	0	12	0	0	0	0	0	0	0	0	0
seq872	0	0	0	12	0	0	0	0	0	0	0	0
seq873	0	0	0	12	0	0	0	0	0	0	0	0
seq874	0	0	0	0	12	0	0	0	0	0	0	0
seq875	0	0	0	0	12	0	0	0	0	0	0	0
seq876	0	0	0	0	0	0	12	0	0	0	0	0
seq877	0	0	0	0	0	0	0	0	12	0	0	0
seq878	0	0	0	0	0	0	0	0	0	0	0	12
seq879	11	0	0	0	0	0	0	0	0	0	0	0
seq880	0	0	0	0	11	0	0	0	0	0	0	0
seq881	0	0	0	0	11	0	0	0	0	0	0	0
seq882	0	0	0	0	0	0	11	0	0	0	0	0
seq883	0	0	0	0	0	0	0	0	11	0	0	0
seq884	0	0	0	0	0	0	0	0	0	11	0	0
seq885	4	7	0	0	0	0	0	0	0	0	0	0
seq886	0	0	0	0	0	0	4	0	0	7	0	0
seq887	11	0	0	0	0	0	0	0	0	0	0	0
seq888	11	0	0	0	0	0	0	0	0	0	0	0
seq889	11	0	0	0	0	0	0	0	0	0	0	0
seq890	0	11	0	0	0	0	0	0	0	0	0	0
seq891	0	11	0	0	0	0	0	0	0	0	0	0
seq892	0	0	11	0	0	0	0	0	0	0	0	0
seq893	0	0	11	0	0	0	0	0	0	0	0	0
seq894	0	0	0	11	0	0	0	0	0	0	0	0
seq895	0	0	0	11	0	0	0	0	0	0	0	0
seq896	0	0	0	0	11	0	0	0	0	0	0	0
seq897	0	0	0	0	0	0	11	0	0	0	0	0
seq898	0	0	0	0	0	0	11	0	0	0	0	0
seq899	0	0	0	0	0	0	11	0	0	0	0	0
seq900	0	0	0	0	0	0	0	0	11	0	0	0
seq901	0	0	0	0	0	0	0	0	0	0	0	11
seq902	10	0	0	0	0	0	0	0	0	0	0	0
seq903	10	0	0	0	0	0	0	0	0	0	0	0
seq904	0	10	0	0	0	0	0	0	0	0	0	0
seq905	0	0	10	0	0	0	0	0	0	0	0	0
seq906	0	0	10	0	0	0	0	0	0	0	0	0
seq907	0	0	10	0	0	0	0	0	0	0	0	0
seq908	0	0	10	0	0	0	0	0	0	0	0	0
seq909	0	0	0	10	0	0	0	0	0	0	0	0
seq910	0	0	0	10	0	0	0	0	0	0	0	0
seq911	0	0	0	0	10	0	0	0	0	0	0	0
seq912	0	0	0	0	0	0	10	0	0	0	0	0
seq913	0	0	0	0	0	0	10	0	0	0	0	0
seq914	0	0	0	0	0	0	10	0	0	0	0	0
seq915	0	0	0	10	0	0	0	0	0	0	0	0
seq916	10	0	0	0	0	0	0	0	0	0	0	0
seq917	10	0	0	0	0	0	0	0	0	0	0	0
seq918	10	0	0	0	0	0	0	0	0	0	0	0
seq919	0	10	0	0	0	0	0	0	0	0	0	0
seq920	0	0	10	0	0	0	0	0	0	0	0	0
seq921	0	0	10	0	0	0	0	0	0	0	0	0
seq922	0	0	10	0	0	0	0	0	0	0	0	0
seq923	0	0	10	0	0	0	0	0	0	0	0	0
seq924	0	0	0	10	0	0	0	0	0	0	0	0
seq925	0	0	0	0	10	0	0	0	0	0	0	0
seq926	0	0	0	0	10	0	0	0	0	0	0	0
seq927	0	0	0	0	10	0	0	0	0	0	0	0
seq928	0	0	0	0	0	0	10	0	0	0	0	0
seq929	0	0	0	0	0	0	5	5	0	0	0	0
seq930	0	0	0	0	0	0	0	10	0	0	0	0
seq931	0	0	0	0	0	0	0	0	10	0	0	0
seq932	0	0	0	0	0	0	0	0	10	0	0	0
seq933	9	0	0	0	0	0	0	0	0	0	0	0
seq934	9	0	0	0	0	0	0	0	0	0	0	0
seq935	9	0	0	0	0	0	0	0	0	0	0	0
seq936	9	0	0	0	0	0	0	0	0	0	0	0
seq937	9	0	0	0	0	0	0	0	0	0	0	0
seq938	0	9	0	0	0	0	0	0	0	0	0	0
seq939	0	0	9	0	0	0	0	0	0	0	0	0
seq940	0	0	9	0	0	0	0	0	0	0	0	0
seq941	0	0	9	0	0	0	0	0	0	0	0	0
seq942	0	0	9	0	0	0	0	0	0	0	0	0
seq943	0	0	9	0	0	0	0	0	0	0	0	0
seq944	0	0	9	0	0	0	0	0	0	0	0	0
seq945	0	0	0	9	0	0	0	0	0	0	0	0
seq946	0	0	0	0	0	0	0	0	9	0	0	0
seq947	0	0	0	0	0	0	0	0	0	9	0	0
seq948	0	0	0	0	0	0	0	0	0	9	0	0
seq949	0	0	0	0	0	0	0	0	0	0	0	9
seq950	9	0	0	0	0	0	0	0	0	0	0	0
seq951	0	3	0	0	6	0	0	0	0	0	0	0
seq952	0	0	9	0	0	0	0	0	0	0	0	0
seq953	0	0	9	0	0	0	0	0	0	0	0	0
seq954	0	0	9	0	0	0	0	0	0	0	0	0
seq955	0	0	0	4	0	0	0	0	0	5	0	0
seq956	0	0	0	0	0	0	9	0	0	0	0	0
seq957	0	0	0	0	0	0	9	0	0	0	0	0
seq958	0	0	0	0	0	0	9	0	0	0	0	0
seq959	0	0	0	0	0	0	0	9	0	0	0	0
seq960	0	0	0	0	0	0	0	0	9	0	0	0
seq961	0	0	0	0	0	0	0	0	9	0	0	0
seq962	0	0	0	0	0	0	0	0	0	9	0	0
seq963	0	0	8	0	0	0	0	0	0	0	0	0
seq964	0	0	8	0	0	0	0	0	0	0	0	0
seq965	0	0	0	0	8	0	0	0	0	0	0	0
seq966	0	0	0	0	0	0	8	0	0	0	0	0
seq967	0	0	0	0	0	0	0	0	0	8	0	0
seq968	0	0	0	0	0	0	0	0	0	0	0	8
seq969	8	0	0	0	0	0	0	0	0	0	0	0
seq970	8	0	0	0	0	0	0	0	0	0	0	0
seq971	8	0	0	0	0	0	0	0	0	0	0	0
seq972	0	8	0	0	0	0	0	0	0	0	0	0
seq973	0	8	0	0	0	0	0	0	0	0	0	0
seq974	0	8	0	0	0	0	0	0	0	0	0	0
seq975	0	0	8	0	0	0	0	0	0	0	0	0
seq976	0	0	8	0	0	0	0	0	0	0	0	0
seq977	0	0	0	8	0	0	0	0	0	0	0	0
seq978	0	0	0	8	0	0	0	0	0	0	0	0
seq979	0	0	0	8	0	0	0	0	0	0	0	0
seq980	0	0	0	0	8	0	0	0	0	0	0	0
seq981	0	0	0	0	0	8	0	0	0	0	0	0
seq982	0	0	0	0	0	0	8	0	0	0	0	0
seq983	0	0	0	0	0	0	8	0	0	0	0	0
seq984	0	0	0	0	0	0	8	0	0	0	0	0
seq985	0	0	0	0	0	0	0	0	8	0	0	0
seq986	0	0	0	0	0	0	0	0	8	0	0	0
seq987	0	0	0	0	0	0	0	0	0	8	0	0
seq988	0	0	0	0	0	0	0	0	0	0	8	0
seq989	7	0	0	0	0	0	0	0	0	0	0	0
seq990	7	0	0	0	0	0	0	0	0	0	0	0
seq991	7	0	0	0	0	0	0	0	0	0	0	0
seq992	0	7	0	0	0	0	0	0	0	0	0	0
seq993	0	7	0	0	0	0	0	0	0	0	0	0
seq994	0	0	7	0	0	0	0	0	0	0	0	0
seq995	0	0	7	0	0	0	0	0	0	0	0	0
seq996	0	0	7	0	0	0	0	0	0	0	0	0
seq997	0	0	0	7	0	0	0	0	0	0	0	0
seq998	0	0	0	0	7	0	0	0	0	0	0	0
seq999	0	0	0	0	7	0	0	0	0	0	0	0
seq1000	0	0	0	0	7	0	0	0	0	0	0	0
seq1001	0	0	0	0	0	0	0	7	0	0	0	0
seq1002	0	0	0	0	0	0	0	0	7	0	0	0
seq1003	0	0	0	0	0	0	0	0	0	7	0	0
seq1004	0	4	0	3	0	0	0	0	0	0	0	0
seq1005	0	0	0	0	0	0	0	0	0	0	0	7
seq1006	7	0	0	0	0	0	0	0	0	0	0	0
seq1007	7	0	0	0	0	0	0	0	0	0	0	0
seq1008	7	0	0	0	0	0	0	0	0	0	0	0
seq1009	7	0	0	0	0	0	0	0	0	0	0	0
seq1010	7	0	0	0	0	0	0	0	0	0	0	0
seq1011	7	0	0	0	0	0	0	0	0	0	0	0
seq1012	0	7	0	0	0	0	0	0	0	0	0	0
seq1013	0	7	0	0	0	0	0	0	0	0	0	0
seq1014	0	7	0	0	0	0	0	0	0	0	0	0
seq1015	0	7	0	0	0	0	0	0	0	0	0	0
seq1016	0	0	7	0	0	0	0	0	0	0	0	0
seq1017	0	0	7	0	0	0	0	0	0	0	0	0
seq1018	0	0	7	0	0	0	0	0	0	0	0	0
seq1019	0	0	7	0	0	0	0	0	0	0	0	0
seq1020	0	0	7	0	0	0	0	0	0	0	0	0
seq1021	0	0	7	0	0	0	0	0	0	0	0	0
seq1022	0	0	7	0	0	0	0	0	0	0	0	0
seq1023	0	0	7	0	0	0	0	0	0	0	0	0
seq1024	0	0	0	7	0	0	0	0	0	0	0	0
seq1025	0	0	0	7	0	0	0	0	0	0	0	0
seq1026	0	0	0	7	0	0	0	0	0	0	0	0
seq1027	0	0	0	7	0	0	0	0	0	0	0	0
seq1028	0	0	0	0	7	0	0	0	0	0	0	0
seq1029	0	0	0	0	7	0	0	0	0	0	0	0
seq1030	0	0	0	0	7	0	0	0	0	0	0	0
seq1031	0	0	0	0	7	0	0	0	0	0	0	0
seq1032	0	0	0	0	0	0	7	0	0	0	0	0
seq1033	0	0	0	0	0	0	7	0	0	0	0	0
seq1034	0	0	0	0	0	0	7	0	0	0	0	0
seq1035	0	0	0	0	0	0	0	0	7	0	0	0
seq1036	0	0	0	0	0	0	0	0	7	0	0	0
seq1037	0	0	0	0	0	0	0	0	0	7	0	0
seq1038	0	0	0	0	0	0	0	0	0	7	0	0
seq1039	6	0	0	0	0	0	0	0	0	0	0	0
seq1040	6	0	0	0	0	0	0	0	0	0	0	0
seq1041	6	0	0	0	0	0	0	0	0	0	0	0
seq1042	6	0	0	0	0	0	0	0	0	0	0	0
seq1043	6	0	0	0	0	0	0	0	0	0	0	0
seq1044	6	0	0	0	0	0	0	0	0	0	0	0
seq1045	0	6	0	0	0	0	0	0	0	0	0	0
seq1046	0	0	6	0	0	0	0	0	0	0	0	0
seq1047	0	0	6	0	0	0	0	0	0	0	0	0
seq1048	0	0	6	0	0	0	0	0	0	0	0	0
seq1049	0	0	6	0	0	0	0	0	0	0	0	0
seq1050	0	0	6	0	0	0	0	0	0	0	0	0
seq1051	0	0	6	0	0	0	0	0	0	0	0	0
seq1052	0	0	6	0	0	0	0	0	0	0	0	0
seq1053	0	0	0	6	0	0	0	0	0	0	0	0
seq1054	0	0	0	0	6	0	0	0	0	0	0	0
seq1055	0	0	0	0	6	0	0	0	0	0	0	0
seq1056	0	0	0	0	0	0	6	0	0	0	0	0
seq1057	0	0	0	0	0	0	0	0	6	0	0	0
seq1058	0	0	0	0	0	0	0	0	0	6	0	0
seq1059	0	0	0	0	0	0	0	0	0	6	0	0
seq1060	0	0	0	0	0	0	0	6	0	0	0	0
seq1061	6	0	0	0	0	0	0	0	0	0	0	0
seq1062	6	0	0	0	0	0	0	0	0	0	0	0
seq1063	0	6	0	0	0	0	0	0	0	0	0	0
seq1064	0	6	0	0	0	0	0	0	0	0	0	0
seq1065	0	6	0	0	0	0	0	0	0	0	0	0
seq1066	0	6	0	0	0	0	0	0	0	0	0	0
seq1067	0	6	0	0	0	0	0	0	0	0	0	0
seq1068	0	6	0	0	0	0	0	0	0	0	0	0
seq1069	0	6	0	0	0	0	0	0	0	0	0	0
seq1070	0	6	0	0	0	0	0	0	0	0	0	0
seq1071	0	6	0	0	0	0	0	0	0	0	0	0
seq1072	0	6	0	0	0	0	0	0	0	0	0	0
seq1073	0	0	6	0	0	0	0	0	0	0	0	0
seq1074	0	0	6	0	0	0	0	0	0	0	0	0
seq1075	0	0	6	0	0	0	0	0	0	0	0	0
seq1076	0	0	0	6	0	0	0	0	0	0	0	0
seq1077	0	0	0	6	0	0	0	0	0	0	0	0
seq1078	0	0	0	0	6	0	0	0	0	0	0	0
seq1079	0	0	0	0	6	0	0	0	0	0	0	0
seq1080	0	0	0	0	0	0	6	0	0	0	0	0
seq1081	0	0	0	0	0	0	6	0	0	0	0	0
seq1082	0	0	0	0	0	0	0	0	6	0	0	0
seq1083	0	0	0	0	0	0	0	0	6	0	0	0
seq1084	0	0	0	0	0	0	0	0	6	0	0	0
seq1085	0	0	0	0	0	0	0	0	6	0	0	0
seq1086	0	0	0	0	0	0	0	0	6	0	0	0
seq1087	0	0	0	0	0	0	0	0	0	6	0	0
seq1088	0	0	0	0	0	0	0	0	0	6	0	0
seq1089	5	0	0	0	0	0	0	0	0	0	0	0
seq1090	5	0	0	0	0	0	0	0	0	0	0	0
seq1091	5	0	0	0	0	0	0	0	0	0	0	0
seq1092	0	5	0	0	0	0	0	0	0	0	0	0
seq1093	0	5	0	0	0	0	0	0	0	0	0	0
seq1094	0	0	5	0	0	0	0	0	0	0	0	0
seq1095	0	0	5	0	0	0	0	0	0	0	0	0
seq1096	0	0	5	0	0	0	0	0	0	0	0	0
seq1097	0	0	5	0	0	0	0	0	0	0	0	0
seq1098	0	0	0	5	0	0	0	0	0	0	0	0
seq1099	0	0	0	5	0	0	0	0	0	0	0	0
seq1100	0	0	0	5	0	0	0	0	0	0	0	0
seq1101	0	0	0	0	5	0	0	0	0	0	0	0
seq1102	0	0	0	0	5	0	0	0	0	0	0	0
seq1103	0	0	0	0	5	0	0	0	0	0	0	0
seq1104	0	0	0	0	0	0	0	5	0	0	0	0
seq1105	0	0	0	0	0	0	0	0	5	0	0	0
seq1106	0	0	0	0	0	0	0	0	0	0	5	0
seq1107	0	0	0	0	0	0	0	0	0	0	0	5
seq1108	0	5	0	0	0	0	0	0	0	0	0	0
seq1109	0	5	0	0	0	0	0	0	0	0	0	0
seq1110	0	5	0	0	0	0	0	0	0	0	0	0
seq1111	0	5	0	0	0	0	0	0	0	0	0	0
seq1112	0	0	5	0	0	0	0	0	0	0	0	0
seq1113	0	0	5	0	0	0	0	0	0	0	0	0
seq1114	0	0	5	0	0	0	0	0	0	0	0	0
seq1115	0	0	0	5	0	0	0	0	0	0	0	0
seq1116	0	0	0	5	0	0	0	0	0	0	0	0
seq1117	0	0	0	5	0	0	0	0	0	0	0	0
seq1118	0	0	0	5	0	0	0	0	0	0	0	0
seq1119	0	0	0	5	0	0	0	0	0	0	0	0
seq1120	0	0	0	0	5	0	0	0	0	0	0	0
seq1121	0	0	0	0	5	0	0	0	0	0	0	0
seq1122	0	0	0	0	5	0	0	0	0	0	0	0
seq1123	0	0	0	0	0	0	5	0	0	0	0	0
seq1124	0	0	0	0	0	0	5	0	0	0	0	0
seq1125	0	0	0	0	0	0	0	5	0	0	0	0
seq1126	0	0	0	0	0	0	0	0	5	0	0	0
seq1127	0	0	0	0	0	0	0	0	0	5	0	0
seq1128	0	0	0	0	0	0	0	0	0	5	0	0
seq1129	0	0	0	0	0	0	0	0	0	5	0	0
seq1130	4	0	0	0	0	0	0	0	0	0	0	0
seq1131	4	0	0	0	0	0	0	0	0	0	0	0
seq1132	4	0	0	0	0	0	0	0	0	0	0	0
seq1133	4	0	0	0	0	0	0	0	0	0	0	0
seq1134	0	0	4	0	0	0	0	0	0	0	0	0
seq1135	0	0	4	0	0	0	0	0	0	0	0	0
seq1136	0	0	4	0	0	0	0	0	0	0	0	0
seq1137	0	0	4	0	0	0	0	0	0	0	0	0
seq1138	0	0	0	4	0	0	0	0	0	0	0	0
seq1139	0	0	0	4	0	0	0	0	0	0	0	0
seq1140	0	0	0	0	4	0	0	0	0	0	0	0
seq1141	0	0	0	0	4	0	0	0	0	0	0	0
seq1142	0	0	0	0	4	0	0	0	0	0	0	0
seq1143	0	0	0	0	4	0	0	0	0	0	0	0
seq1144	0	0	0	0	4	0	0	0	0	0	0	0
seq1145	0	0	0	0	0	0	4	0	0	0	0	0
seq1146	0	0	0	0	0	0	4	0	0	0	0	0
seq1147	0	0	0	0	0	0	4	0	0	0	0	0
seq1148	0	0	0	0	0	0	0	0	4	0	0	0
seq1149	0	0	0	0	0	0	0	0	0	4	0	0
seq1150	0	4	0	0	0	0	0	0	0	0	0	0
seq1151	4	0	0	0	0	0	0	0	0	0	0	0
seq1152	4	0	0	0	0	0	0	0	0	0	0	0
seq1153	4	0	0	0	0	0	0	0	0	0	0	0
seq1154	4	0	0	0	0	0	0	0	0	0	0	0
seq1155	4	0	0	0	0	0	0	0	0	0	0	0
seq1156	0	4	0	0	0	0	0	0	0	0	0	0
seq1157	0	4	0	0	0	0	0	0	0	0	0	0
seq1158	0	4	0	0	0	0	0	0	0	0	0	0
seq1159	0	4	0	0	0	0	0	0	0	0	0	0
seq1160	0	4	0	0	0	0	0	0	0	0	0	0
seq1161	0	4	0	0	0	0	0	0	0	0	0	0
seq1162	0	4	0	0	0	0	0	0	0	0	0	0
seq1163	0	0	4	0	0	0	0	0	0	0	0	0
seq1164	0	0	4	0	0	0	0	0	0	0	0	0
seq1165	0	0	4	0	0	0	0	0	0	0	0	0
seq1166	0	0	0	4	0	0	0	0	0	0	0	0
seq1167	0	0	0	4	0	0	0	0	0	0	0	0
seq1168	0	0	0	4	0	0	0	0	0	0	0	0
seq1169	0	0	0	0	4	0	0	0	0	0	0	0
seq1170	0	0	0	0	4	0	0	0	0	0	0	0
seq1171	0	0	0	0	4	0	0	0	0	0	0	0
seq1172	0	0	0	0	4	0	0	0	0	0	0	0
seq1173	0	0	0	0	4	0	0	0	0	0	0	0
seq1174	0	0	0	0	0	4	0	0	0	0	0	0
seq1175	0	0	0	0	0	0	4	0	0	0	0	0
seq1176	0	0	0	0	0	0	0	4	0	0	0	0
seq1177	0	0	0	0	0	0	0	0	4	0	0	0
seq1178	0	0	0	0	0	0	0	0	0	4	0	0
seq1179	0	0	0	0	0	0	0	0	0	4	0	0
seq1180	0	0	0	0	0	0	0	0	0	4	0	0
seq1181	0	0	0	0	0	0	0	0	0	4	0	0
seq1182	0	0	0	0	0	0	0	0	0	4	0	0
seq1183	0	0	0	0	0	0	0	0	0	4	0	0
seq1184	0	0	0	0	0	0	0	0	0	0	0	4
seq1185	0	0	0	0	0	0	0	0	0	0	0	4
seq1186	3	0	0	0	0	0	0	0	0	0	0	0
seq1187	0	3	0	0	0	0	0	0	0	0	0	0
seq1188	0	3	0	0	0	0	0	0	0	0	0	0
seq1189	0	0	0	3	0	0	0	0	0	0	0	0
seq1190	0	0	0	3	0	0	0	0	0	0	0	0
seq1191	0	0	0	3	0	0	0	0	0	0	0	0
seq1192	0	0	0	0	3	0	0	0	0	0	0	0
seq1193	0	0	0	0	0	0	3	0	0	0	0	0
seq1194	0	0	0	0	0	0	3	0	0	0	0	0
seq1195	0	0	0	0	0	0	0	3	0	0	0	0
seq1196	0	0	0	0	0	0	0	3	0	0	0	0
seq1197	0	0	0	0	0	0	0	3	0	0	0	0
seq1198	0	0	0	0	0	0	0	0	3	0	0	0
seq1199	0	0	0	0	0	0	0	0	3	0	0	0
seq1200	0	0	0	0	0	0	0	0	0	3	0	0
seq1201	0	0	0	0	0	0	0	0	0	0	0	3
seq1202	3	0	0	0	0	0	0	0	0	0	0	0
seq1203	3	0	0	0	0	0	0	0	0	0	0	0
seq1204	0	3	0	0	0	0	0	0	0	0	0	0
seq1205	0	0	3	0	0	0	0	0	0	0	0	0
seq1206	0	0	3	0	0	0	0	0	0	0	0	0
seq1207	0	0	3	0	0	0	0	0	0	0	0	0
seq1208	0	0	3	0	0	0	0	0	0	0	0	0
seq1209	0	0	0	3	0	0	0	0	0	0	0	0
seq1210	0	0	0	3	0	0	0	0	0	0	0	0
seq1211	0	0	0	3	0	0	0	0	0	0	0	0
seq1212	0	0	0	3	0	0	0	0	0	0	0	0
seq1213	0	0	0	3	0	0	0	0	0	0	0	0
seq1214	0	0	0	0	3	0	0	0	0	0	0	0
seq1215	0	0	0	0	3	0	0	0	0	0	0	0
seq1216	0	0	0	0	3	0	0	0	0	0	0	0
seq1217	0	0	0	0	3	0	0	0	0	0	0	0
seq1218	0	0	0	0	0	3	0	0	0	0	0	0
seq1219	0	0	0	0	0	3	0	0	0	0	0	0
seq1220	0	0	0	0	0	0	3	0	0	0	0	0
seq1221	0	0	0	0	0	0	0	0	0	3	0	0
seq1222	2	0	0	0	0	0	0	0	0	0	0	0
seq1223	0	2	0	0	0	0	0	0	0	0	0	0
seq1224	0	2	0	0	0	0	0	0	0	0	0	0
seq1225	0	2	0	0	0	0	0	0	0	0	0	0
seq1226	0	0	2	0	0	0	0	0	0	0	0	0
seq1227	0	0	0	2	0	0	0	0	0	0	0	0
seq1228	0	0	0	2	0	0	0	0	0	0	0	0
seq1229	0	0	0	0	2	0	0	0	0	0	0	0
seq1230	0	0	0	0	0	0	0	0	2	0	0	0
seq1231	0	0	0	0	0	0	0	0	2	0	0	0
seq1232	0	0	0	0	0	0	0	0	0	2	0	0
seq1233	2	0	0	0	0	0	0	0	0	0	0	0
seq1234	2	0	0	0	0	0	0	0	0	0	0	0
seq1235	0	2	0	0	0	0	0	0	0	0	0	0
seq1236	0	2	0	0	0	0	0	0	0	0	0	0
seq1237	0	2	0	0	0	0	0	0	0	0	0	0
seq1238	0	2	0	0	0	0	0	0	0	0	0	0
seq1239	0	2	0	0	0	0	0	0	0	0	0	0
seq1240	0	2	0	0	0	0	0	0	0	0	0	0
seq1241	0	2	0	0	0	0	0	0	0	0	0	0
seq1242	0	2	0	0	0	0	0	0	0	0	0	0
seq1243	0	2	0	0	0	0	0	0	0	0	0	0
seq1244	0	0	0	2	0	0	0	0	0	0	0	0
seq1245	0	0	0	2	0	0	0	0	0	0	0	0
seq1246	0	0	0	2	0	0	0	0	0	0	0	0
seq1247	0	0	0	2	0	0	0	0	0	0	0	0
seq1248	0	0	0	2	0	0	0	0	0	0	0	0
seq1249	0	0	0	2	0	0	0	0	0	0	0	0
seq1250	0	0	0	2	0	0	0	0	0	0	0	0
seq1251	0	0	0	0	2	0	0	0	0	0	0	0
seq1252	0	0	0	0	0	2	0	0	0	0	0	0
seq1253	0	0	0	0	0	0	2	0	0	0	0	0
seq1254	0	0	0	0	0	0	2	0	0	0	0	0
seq1255	0	0	0	0	0	0	0	0	2	0	0	0
seq1256	0	0	0	0	0	0	0	0	0	2	0	0
seq1257	0	0	0	0	0	0	0	0	0	0	0	2
